function y = fun(x)

y = -0.732*x(1) -0.121*x(2) + 0.163*x(3) + 0.177*x(4) - 0.054*x(5);